Logger	Port	YearCommissioned	N	W	TWI_based_moisture_Classification	Please see notes on moisture class in LoggerNotes.txt file
2	1	2017	36.0922	-94.18932	Low	
2	2	2017	36.0922	-94.18941	Low	
2	3	2017	36.0922	-94.18937	Low	
2	4	2021	36.0922	-94.18937	Low	
2	5	2021	36.0922	-94.18937	Low	
4	1	2017	36.09189	-94.18932	High	
4	2	2017	36.09189	-94.18938	High	
6	1	2017	36.09167	-94.18936	Low	
6	2	2017	36.09172	-94.18938	Low	
6b	1	2017	36.09171	-94.19007	High	
6b	2	2017	36.09177	-94.19006	High	
6b	3	2017	36.09175	-94.19007	High	
6b	4	2021	36.09175	-94.19007	High	
6b	5	2021	36.09175	-94.19007	High	
6c	1	2017	36.09174	-94.19057	Low	
6c	2	2017	36.09179	-94.19057	Low	
6c	3	2017	36.09177	-94.19057	Low	
9	1	2017	36.09126	-94.18932	Low	
9	2	2017	36.09131	-94.18933	Low	
9	3	2017	36.09129	-94.18933	High	
9	4	2021	36.09129	-94.18933	High	
9	5	2021	36.09129	-94.18933	High	
10	1	2017	36.09121	-94.18983	High	
10	2	2017	36.09116	-94.18983	High	
10b	1	2017	36.09125	-94.19054	Low	
10b	2	2017	36.09118	-94.19054	Low	
12	1	2017	36.0908	-94.18949	Low	
12	2	2017	36.0908	-94.18944	Low	
13	1	2017	36.09075	-94.19054	High	
13	2	2017	36.09075	-94.19061	High	
13	4	2021	36.09075	-94.19057	High	
13	5	2021	36.09075	-94.19057	High	
14	1	2017	36.09061	-94.1898	High	
14	2	2017	36.09068	-94.18981	High	
14	3	2017	36.09064	-94.1898	High	
15	1	2017	36.09049	-94.18925	Low	
15	2	2017	36.09044	-94.18927	High	
15b	1	2017	36.09053	-94.19028	Low	
15b	2	2017	36.09048	-94.19025	High	
15b	3	2017	36.09051	-94.19025	High	
15c	1	2017	36.09054	-94.19048	Low	
15c	2	2017	36.0905	-94.19049	Low	
O1	3	2021	36.09236	-94.18845	Low	
O1	4	2021	36.09236	-94.18845	Low	
O1	5	2021	36.09236	-94.18845	Low	
O2	1	2021	36.09193	-94.18835	Low	
O2	3	2021	36.09193	-94.18835	Low	
O2	4	2021	36.09193	-94.18835	Low	
O2	5	2021	36.09193	-94.18835	Low	
O3	1	2021	36.09163	-94.18765	High	
O3	3	2021	36.09163	-94.18765	High	
O4	1	2021	36.09068	-94.18877	High	
O4	3	2021	36.09068	-94.18877	High	
O5	1	2021	36.09077	-94.18807	High	
O5	3	2021	36.09077	-94.18807	High	
O5	4	2021	36.09077	-94.18807	High	
O5	5	2021	36.09077	-94.18807	High	
